['pos', 'y_pred', 'data']
[9487286, 2, [0.0, 0.8604651162790697, 0.13953488372093023, 0.43, 0.3333333333333333, 0.8571428571428571, 0.8604651162790697, 0.8394530169791494, 1]]
[14353238, 2, [0.0, 0.8205128205128205, 0.1794871794871795, 0.39, 0.3333333333333333, 0.8571428571428571, 0.8194139194139195, 0.8369369369369369, 1]]
[14576854, 1, [0.0, 0.22033898305084745, 0.7796610169491526, 0.59, 0.3333333333333333, 0.0, 0.8309370738359635, 0.8513784461152882, 2]]
[15202029, 2, [0.0, 0.8571428571428571, 0.14285714285714285, 0.42, 0.3, 0.8571428571428571, 0.8372936771607868, 0.8398373983739837, 1]]
[15234545, 1, [0.0, 0.1864406779661017, 0.8135593220338984, 0.59, 0.3, 0.0, 0.8294592413236482, 0.8308656650392785, 2]]
[20732337, 2, [0.0, 0.8717948717948718, 0.1282051282051282, 0.39, 0.3333333333333333, 0.8613445378151261, 0.850250626566416, 0.8362311265969802, 1]]
[23709544, 2, [0.0, 0.7837837837837838, 0.21621621621621623, 0.37, 0.3333333333333333, 0.8571428571428571, 0.8214221451063556, 0.8687339380196523, 1]]
[29953690, 1, [0.0, 0.02040816326530612, 0.9795918367346939, 0.49, 1.8666666666666667, 0.8571428571428571, 0.8166180758017493, 0.8251152768799828, 2]]
[37061521, 2, [0.0, 0.85, 0.15, 0.4, 0.3333333333333333, 0.8571428571428571, 0.8327380952380953, 0.8525062656641605, 1]]
[41400025, 0, [0.6875, 0.0, 0.3125, 0.48, 0.06666666666666667, 0.0, 0.8340925655976676, 0.8195611959069341, 2]]
[43110218, 1, [0.0, 0.017543859649122806, 0.9824561403508771, 0.57, 2.2666666666666666, 0.35714285714285715, 0.8402298362309436, 0.8321342179832747, 2]]
[45968380, 2, [0.0, 0.8536585365853658, 0.14634146341463414, 0.41, 0.3333333333333333, 0.8571428571428571, 0.8119324152425198, 0.8398705823792931, 1]]
[46944493, 2, [0.37037037037037035, 0.0, 0.6296296296296297, 0.54, 0.3333333333333333, 0.0, 0.8462580280190343, 0.8174675193731454, 0]]
[47057508, 1, [0.0, 0.017241379310344827, 0.9827586206896551, 0.58, 1.8666666666666667, 0.0, 0.8345843422114608, 0.8390898705438106, 2]]
[47454275, 1, [0.0, 0.015873015873015872, 0.9841269841269841, 0.63, 1.8666666666666667, 0.3, 0.8413703874897904, 0.8556547619047619, 2]]
